1004
0000
1005
0000
1006
0000
1007
02ff
a03b
1000
000a
7281
400a
7e80
7281
400b
7e80
7281
400c
7e80
7281
400d
5fe9
7e75
a00e
a096
5fe5
7e75
a00c
a092
5fe1
7e75
a00a
a08e
5fdd
7e75
a00c
a08a
5fd9
70ed
b000
72ed
b000
711c
7eed
4001
5ffc
7e65
b000
1004
0000
7e6a
1000
0001
7282
4007
7ea4
72e8
4007
7ee4
72d0
4004
5ff5
72eb
7ea4
5ff1
7e65
b000
1000
0501
2001
1002
0001
7453
4ff9
7ec0
2003
1001
000a
7259
4015
1001
000b
7259
401b
1001
000c
7259
4021
1001
000d
7259
4027
1001
000e
7259
402d
1001
000f
7259
4031
5033
7e73
80f8
1001
000a
8078
1005
0000
1006
0000
5fd4
7e73
80f8
1001
000b
8078
1005
0000
1006
0000
5fca
7e73
80f8
1001
000c
8078
1005
0000
1006
0000
5fc0
7e73
80f8
1001
000d
8078
1005
0000
1006
0000
5fb6
1003
0000
1005
0000
1006
0000
a01b
5fae
903a
903b
b000
8138
1004
0000
7134
7134
7134
7134
7134
7134
7134
7134
7134
7134
711c
7e66
903c
716d
716d
716d
716d
715d
a001
5f94
8078
1001
0700
3148
9039
b000
0000
0000
0000
0000
0000
0000
0000
0000
0000
0000
0000
0000
0000
0000
0000
0000
0000
0000
0000
0000
0000
0000
0000
0000
0000
0000
0000
0000
0000
0000
0000
0000
0000
0000
0000
0000
0000
0000
0000
0000
0000
0000
0000
0000
0000
0000
0000
0000
0000
0000
0000
0000
0000
0000
0000
0000
0000
0000
0000
0000
0000
0000
0000
0000
0000
0000
0000
0000
0000
0000
0000
0000
0000
0000
0000
0000
0000
0000
0000
0000
0000
0000
0000
0000
0000
0000
0000
0000
0000
0000
0000
0000
0000
0000
0000
0000
0000
0000
0000
0000
0000
0000
0000
0000
0000
0000
0000
0000
0000
0000
0000
0000
0000
0000
0000
0000
0000
0000
0000
0000
0000
0000
0000
0000
0000
0000
0000
0000
0000
0000
0000
0000
0000
0000
0000
0000
0000
0000
0000
0000
0000
0000
0000
0000
0000
0000
0000
0000
0000
0000
0000
0000
0000
0000
0000
0000
0000
0000
0000
0000
0000
0000
0000
0000
0000
0000
0000
0000
0000
0000
0000
0000
0000
0000
0000
0000
0000
0000
0000
0000
0000
0000
0000
0000
0000
0000
0000
0000
0000
0000
0000
0000
0000
0000
0000
0000
0000
0000
0000
0000
0000
0000
0000
0000
0000
0000
0000
0000
0000
0000
0000
0000
0000
0000
0000
0000
0000
0000
0000
0000
0000
0000
0000
0000
0000
0000
0000
0000
0000
0000
0000
0000
0000
0000
0000
0000
0000
0000
0000
0000
0000
0000
0000
0000
0000
0000
0000
0000
0000
0000
0000
0000
0000
0000
0000
0000
0000
0000
0000
0000
0000
0000
0000
0000
0000
0000
0000
0000
0000
0000
0000
0000
0000
0000
0000
0000
0000
0000
0000
0000
0000
0000
0000
0000
0000
0000
0000
0000
0000
0000
0000
0000
0000
0000
0000
0000
0000
0000
0000
0000
0000
0000
0000
0000
0000
0000
0000
0000
0000
0000
0000
0000
0000
0000
0000
0000
0000
0000
0000
0000
0000
0000
0000
0000
0000
0000
0000
0000
0000
0000
